1
1
1
1956
2017
2
10
6
1 0 0 0 0 0
98.1
0.19
-0.82
6.52e-06
3.12
1.5
1e-04
0
0
2
0.9026
0.9358
0.6988
62

1956 1 1 1 0 1 3728.572
1957 1 1 1 0 1 5883.528
1958 1 1 1 0 1 6823.99
1959 1 1 1 0 1 4451.699
1960 1 1 1 0 1 2980.217
1961 1 1 1 0 1 1787.504
1962 1 1 1 0 1 2450.455
1963 1 1 1 0 1 3460.229
1964 1 1 1 0 1 7663.727
1965 1 1 1 0 1 10853.206
1966 1 1 1 0 1 10970.515
1967 1 1 1 0 1 7402.405
1968 1 1 1 0 1 5038.335
1969 1 1 1 0 1 3229.683
1970 1 1 1 0 1 1466.1
1971 1 1 1 0 1 2263.864
1972 1 1 1 0 1 5308.797
1973 1 1 1 0 1 5697.046
1974 1 1 1 0 1 7610.508
1975 1 1 1 0 1 7978.876
1976 1 1 1 0 1 6482.707
1977 1 1 1 0 1 4955.344
1978 1 1 1 0 1 4361.003
1979 1 1 1 0 1 7803.389
1980 1 1 1 0 1 5570.484
1981 1 1 1 0 1 3488.33
1982 1 1 1 0 1 3116.067
1983 1 1 1 0 1 2544.66
1984 1 1 1 0 1 2120.782
1985 1 1 1 0 1 1343.389
1986 1 1 1 0 1 4131.807
1987 1 1 1 0 1 12752.107
1988 1 1 1 0 1 8027.224
1989 1 1 1 0 1 4256.417
1990 1 1 1 0 1 4474.921
1991 1 1 1 0 1 9957.341
1992 1 1 1 0 1 7122.842
1993 1 1 1 0 1 4876.191
1994 1 1 1 0 1 1759.107
1995 1 1 1 0 1 1295.687
1996 1 1 1 0 1 1361.968
1997 1 1 1 0 1 1365.878
1998 1 1 1 0 1 1041.804
1999 1 1 1 0 1 745.765
2000 1 1 1 0 1 581.331
2001 1 1 1 0 1 334.363
2002 1 1 1 0 1 491.398
2003 1 1 1 0 1 810.044
2004 1 1 1 0 1 963.2
2005 1 1 1 0 1 1086.766
2006 1 1 1 0 1 903.511
2007 1 1 1 0 1 384.473
2008 1 1 1 0 1 316.296
2009 1 1 1 0 1 708.485
2010 1 1 1 0 1 1500.934
2011 1 1 1 0 1 1239.759
2012 1 1 1 0 1 882.437
2013 1 1 1 0 1 850.552
2014 1 1 1 0 1 922.035
2015 1 1 1 0 1 942.426
2016 1 1 1 0 1 534.171
2017 1 1 1 0 1 350.378
5 
11  9  7  40  22  
2 2 2 2 2

1984 1142.4 2 1 1 0 3.3 0
1987 3875.8 2 1 1 0 2.9 0
1989 4102.8 2 1 1 0 2.4 0
1991 1031.9 2 1 1 0 3.4 0
1993 1255.6 2 1 1 0 4.2 0
1995 1419.8 2 1 1 0 2.2 0
1996 1418.5 2 1 1 0 3.8 0
1998 4253 2 1 1 0 2 0
2000 436.1 2 1 1 0 5 0
2002 2025.9 2 1 1 0 3.7 0
2003 1288.7 2 1 1 0 4.8 0
2003 813.3 3 1 1 0 5.9 0
2004 1636.5 3 1 1 0 3.8 0
2005 1517.7 3 1 1 0 2.8 0
2007 437.9 3 1 1 0 4 0
2009 569.6 3 1 1 0 4.1 0
2011 1026.6 3 1 1 0 4.7 0
2013 936.1 3 1 1 0 6.3 0
2015 1131.3 3 1 1 0 3.4 0
2017 526 3 1 1 0 5.9 0
2005 1948 4 1 1 0 4.1 0
2007 582.4 4 1 1 0 4.9 0
2009 2469.5 4 1 1 0 2.2 0
2011 1872 4 1 1 0 3.8 0
2013 2328.3 4 1 1 0 4.4 0
2015 957.4 4 1 1 0 4.9 0
2017 1555.3 4 1 1 0 2.8 0
1956 227.87 5 1 1 0 3.55 0
1957 351.06 5 1 1 0 3.61 0
1958 489.72 5 1 1 0 3.67 0
1959 361.28 5 1 1 0 3.57 0
1960 187.07 5 1 1 0 3.55 0
1961 112.34 5 1 1 0 3.46 0
1962 179.55 5 1 1 0 3.53 0
1963 270.34 5 1 1 0 3.48 0
1964 614.3 5 1 1 0 3.82 0
1965 667.22 5 1 1 0 3.86 0
1966 526.68 5 1 1 0 3.93 0
1967 635.74 5 1 1 0 3.92 0
1968 218.31 5 1 1 0 3.88 0
1969 142.23 5 1 1 0 3.81 0
1970 82.87 5 1 1 0 3.64 0
1971 109.14 5 1 1 0 3.64 0
1972 323.65 5 1 1 0 3.7 0
1973 342.99 5 1 1 0 3.68 0
1974 536.74 5 1 1 0 3.76 0
1975 399.1 5 1 1 0 3.85 0
1976 280.55 5 1 1 0 3.88 0
1977 233.38 5 1 1 0 3.85 0
1978 232.73 5 1 1 0 3.87 0
1979 283.48 5 1 1 0 3.95 0
1980 205.9 5 1 1 0 3.92 0
1981 165.08 5 1 1 0 3.8 0
1982 202.53 5 1 1 0 3.76 0
1983 176.03 5 1 1 0 3.77 0
1984 141.7 5 1 1 0 3.7 0
1985 132.74 5 1 1 0 3.58 0
1986 323.78 5 1 1 0 3.81 0
1987 619.26 5 1 1 0 3.97 0
1988 351.42 5 1 1 0 3.93 0
1989 171.71 5 1 1 0 3.89 0
1990 196.31 5 1 1 0 3.95 0
1991 298.63 5 1 1 0 4.02 0
1992 241.42 5 1 1 0 4.07 0
1993 164.08 5 1 1 0 4.08 0
1994 85.4 5 1 1 0 4 0
1995 55.73 5 1 1 0 3.95 0
1996 131.96 6 1 1 0 2.71 0
1997 127 6 1 1 0 2.71 0
1998 117.52 6 1 1 0 2.71 0
1999 77.3 6 1 1 0 2.72 0
2000 60.49 6 1 1 0 2.71 0
2001 59.04 6 1 1 0 2.71 0
2002 96.31 6 1 1 0 2.71 0
2003 167.49 6 1 1 0 2.72 0
2004 186.33 6 1 1 0 2.71 0
2005 191.85 6 1 1 0 2.72 0
2006 133.82 6 1 1 0 2.7 0
2007 66.86 6 1 1 0 2.7 0
2008 45.16 6 1 1 0 2.69 0
2009 119.58 6 1 1 0 2.7 0
2010 281.11 6 1 1 0 2.71 0
2011 236.63 6 1 1 0 2.7 0
2012 160.41 6 1 1 0 2.69 0
2013 173.34 6 1 1 0 2.7 0
2014 233.54 6 1 1 0 2.67 0
2015 167.45 6 1 1 0 2.68 0
2016 142.81 6 1 1 0 2.67 0
2017 119.28 6 1 1 0 2.66 0
1
0
1
10
100
1
1
0
1

61 
1956 2.374 1 1 1 1 0
1957 2.167 1 1 1 1 0
1958 2.671 1 1 1 1 0
1959 2.44 1 1 1 1 0
1960 2.608 1 1 1 1 0
1961 2.779 1 1 1 1 0
1962 2.921 1 1 1 1 0
1963 2.165 1 1 1 1 0
1964 2.157 1 1 1 1 0
1965 2.469 1 1 1 1 0
1966 2.602 1 1 1 1 0
1967 2.596 1 1 1 1 0
1968 2.743 1 1 1 1 0
1969 2.641 1 1 1 1 0
1970 2.535 1 1 1 1 0
1971 2.732 1 1 1 1 0
1972 2.014 1 1 1 1 0
1973 2.221 1 1 1 1 0
1974 2.164 1 1 1 1 0
1975 2.143 1 1 1 1 0
1976 2.365 1 1 1 1 0
1977 1.982 1 1 1 1 0
1978 2.278 1 1 1 1 0
1979 2.085 1 1 1 1 0
1980 2.125 1 1 1 1 0
1981 1.942 1 1 1 1 0
1982 2.205 1 1 1 1 0
1983 2.533 1 1 1 1 0
1984 2.318 1 1 1 1 0
1985 2.753 1 1 1 1 0
1986 2.297 1 1 1 1 0
1987 1.73 1 1 1 1 0
1988 2.173 1 1 1 1 0
1989 2.521 1 1 1 1 0
1990 2.305 1 1 1 1 0
1991 2.171 1 1 1 1 0
1992 2.506 1 1 1 1 0
1993 2.787 1 1 1 1 0
1994 3.062 1 1 1 1 0
1995 3.062 1 1 1 1 0
1996 2.391 1 1 1 1 0
1997 2.736 1 1 1 1 0
1998 2.611 1 1 1 1 0
1999 2.467 1 1 1 1 0
2000 3.226 1 1 1 1 0
2001 2.375 1 1 1 1 0
2002 2.212 1 1 1 1 0
2003 1.948 1 1 1 1 0
2004 2.277 1 1 1 1 0
2005 2.623 1 1 1 1 0
2006 2.767 1 1 1 1 0
2007 3.182 1 1 1 1 0
2008 2.693 1 1 1 1 0
2009 2.285 1 1 1 1 0
2010 2.586 1 1 1 1 0
2011 2.727 1 1 1 1 0
2012 2.913 1 1 1 1 0
2013 2.802 1 1 1 1 0
2014 2.12 1 1 1 1 0
2015 2.241 1 1 1 1 0
2016 2.444 1 1 1 1 0
999 
